#Layer_Color=9474304
#
#Feature symbol names
#
$0 r5

#
#Feature attribute names
#

#
#Layer features
#
L 0.0440945 1.2125985 0.0559055 1.2125985 0 P 0
L 0.0495368 1.4959392 0.0613478 1.4959392 0 P 0
L 0.05 1.206693 0.05 1.218504 0 P 0
L 0.0554423 1.4900337 0.0554423 1.5018447 0 P 0
L 0.0617416 0.0845219 0.0735526 0.0845219 0 P 0
L 0.0617416 0.3349156 0.0735526 0.3349156 0 P 0
L 0.0676471 0.0786164 0.0676471 0.0904274 0 P 0
L 0.0676471 0.3290101 0.0676471 0.3408211 0 P 0
L 0.0696852 0.4539369 0.0814962 0.4539369 0 P 0
L 0.0755907 0.4480314 0.0755907 0.4598424 0 P 0
L 0.0987494 1.0766478 0.1105604 1.0766478 0 P 0
L 0.1046549 1.0707423 0.1046549 1.0825533 0 P 0
L 0.1444187 2.4057817 0.1562297 2.4057817 0 P 0
L 0.1503242 2.3998762 0.1503242 2.4116872 0 P 0
L 0.1522927 2.6888526 0.1641037 2.6888526 0 P 0
L 0.1581982 2.6829471 0.1581982 2.6947581 0 P 0
L 0.1667323 1.2281497 0.1785433 1.2281497 0 P 0
L 0.1726378 1.2222442 0.1726378 1.2340552 0 P 0
L 0.2547244 0.9358268 0.2665354 0.9358268 0 P 0
L 0.2606299 0.9299213 0.2606299 0.9417323 0 P 0
L 0.2913386 2.0055118 0.3031496 2.0055118 0 P 0
L 0.2933071 0.1968504 0.3366141 0.1968504 0 P 0
L 0.2933071 0.3968504 0.3366141 0.3968504 0 P 0
L 0.2933071 0.4968504 0.3366141 0.4968504 0 P 0
L 0.2933071 0.5968504 0.3366141 0.5968504 0 P 0
L 0.2972441 1.9996063 0.2972441 2.0114173 0 P 0
L 0.3141038 1.2175927 0.3259148 1.2175927 0 P 0
L 0.3149606 0.1751969 0.3149606 0.2185039 0 P 0
L 0.3149606 0.3751969 0.3149606 0.4185039 0 P 0
L 0.3149606 0.4751969 0.3149606 0.5185039 0 P 0
L 0.3149606 0.5751969 0.3149606 0.6185039 0 P 0
L 0.3192914 2.4370079 0.3311024 2.4370079 0 P 0
L 0.3200093 1.2116872 0.3200093 1.2234982 0 P 0
L 0.3251969 2.4311024 0.3251969 2.4429134 0 P 0
L 0.3373321 2.6731045 0.3491431 2.6731045 0 P 0
L 0.3432376 2.667199 0.3432376 2.67901 0 P 0
L 0.368504 1.7724409 0.380315 1.7724409 0 P 0
L 0.3744095 1.7665354 0.3744095 1.7783464 0 P 0
L 0.3976377 1.1035433 0.4094487 1.1035433 0 P 0
L 0.4035432 1.0976378 0.4035432 1.1094488 0 P 0
L 0.438189 0.8838583 0.45 0.8838583 0 P 0
L 0.4409449 1.7732283 0.4527559 1.7732283 0 P 0
L 0.4440945 0.8779528 0.4440945 0.8897638 0 P 0
L 0.4448819 0.5299213 0.4566929 0.5299213 0 P 0
L 0.4448819 0.8452756 0.4566929 0.8452756 0 P 0
L 0.4468504 1.7673228 0.4468504 1.7791338 0 P 0
L 0.4507874 0.5240158 0.4507874 0.5358268 0 P 0
L 0.4507874 0.8393701 0.4507874 0.8511811 0 P 0
L 0.4511116 1.6368841 0.4629226 1.6368841 0 P 0
L 0.4570171 1.6309786 0.4570171 1.6427896 0 P 0
L 0.4574803 0.5862205 0.4692913 0.5862205 0 P 0
L 0.4583529 0.3550598 0.4701639 0.3550598 0 P 0
L 0.4629921 2.3555118 0.4748031 2.3555118 0 P 0
L 0.4633858 0.580315 0.4633858 0.592126 0 P 0
L 0.4642584 0.3491543 0.4642584 0.3609653 0 P 0
L 0.4688282 0.4833408 0.4806392 0.4833408 0 P 0
L 0.4688976 2.3496063 0.4688976 2.3614173 0 P 0
L 0.4747337 0.4774353 0.4747337 0.4892463 0 P 0
L 0.4759843 0.201181 0.4877953 0.201181 0 P 0
L 0.4818898 0.1952755 0.4818898 0.2070865 0 P 0
L 0.4830709 1.9370079 0.5066929 1.9370079 0 P 0
L 0.4917324 0.622047 0.5035434 0.622047 0 P 0
L 0.4920292 0.6987219 0.5038402 0.6987219 0 P 0
L 0.492126 1.7279528 0.515748 1.7279528 0 P 0
L 0.4933071 1.1791339 0.5051181 1.1791339 0 P 0
L 0.4948819 1.9251969 0.4948819 1.9488189 0 P 0
L 0.4976379 0.6161415 0.4976379 0.6279525 0 P 0
L 0.4979347 0.6928164 0.4979347 0.7046274 0 P 0
L 0.4992126 1.1732284 0.4992126 1.1850394 0 P 0
L 0.503937 1.7161418 0.503937 1.7397638 0 P 0
L 0.5059055 2.0574803 0.5177165 2.0574803 0 P 0
L 0.5079592 0.391674 0.5197702 0.391674 0 P 0
L 0.511811 2.0515748 0.511811 2.0633858 0 P 0
L 0.513189 0.781496 0.525 0.781496 0 P 0
L 0.5138647 0.3857685 0.5138647 0.3975795 0 P 0
L 0.5181102 2.6669291 0.5299212 2.6669291 0 P 0
L 0.5190945 0.7755905 0.5190945 0.7874015 0 P 0
L 0.5240157 2.6610236 0.5240157 2.6728346 0 P 0
L 0.5244095 0.5295276 0.5362205 0.5295276 0 P 0
L 0.5244095 1.0543307 0.5362205 1.0543307 0 P 0
L 0.5287402 0.4854331 0.5405512 0.4854331 0 P 0
L 0.530315 0.5236221 0.530315 0.5354331 0 P 0
L 0.530315 1.0484252 0.530315 1.0602362 0 P 0
L 0.534252 0.6244094 0.546063 0.6244094 0 P 0
L 0.5346457 0.4795276 0.5346457 0.4913386 0 P 0
L 0.5401575 0.6185039 0.5401575 0.6303149 0 P 0
L 0.5433071 2.215748 0.5551181 2.215748 0 P 0
L 0.5492126 2.2098425 0.5492126 2.2216535 0 P 0
L 0.5511811 1.2086614 0.5629921 1.2086614 0 P 0
L 0.5570866 1.2027559 0.5570866 1.2145669 0 P 0
L 0.5615496 1.907348 0.5733606 1.907348 0 P 0
L 0.5621353 1.6463329 0.5739463 1.6463329 0 P 0
L 0.5649606 1.1291339 0.5767716 1.1291339 0 P 0
L 0.5674551 1.9014425 0.5674551 1.9132535 0 P 0
L 0.5680408 1.6404274 0.5680408 1.6522384 0 P 0
L 0.5708661 1.1232284 0.5708661 1.1350394 0 P 0
L 0.5736222 0.7976377 0.5854332 0.7976377 0 P 0
L 0.5748032 0.8799213 0.5866142 0.8799213 0 P 0
L 0.5795277 0.7917322 0.5795277 0.8035432 0 P 0
L 0.5807087 0.8740158 0.5807087 0.8858268 0 P 0
L 0.5866145 0.4921258 0.5984255 0.4921258 0 P 0
L 0.590088 0.0778289 0.601899 0.0778289 0 P 0
L 0.5905933 1.9754395 0.6024043 1.9754395 0 P 0
L 0.59252 0.4862203 0.59252 0.4980313 0 P 0
L 0.5959935 0.0719234 0.5959935 0.0837344 0 P 0
L 0.5964988 1.969534 0.5964988 1.981345 0 P 0
L 0.6043306 1.6838584 0.6161416 1.6838584 0 P 0
L 0.605939 0.7913721 0.61775 0.7913721 0 P 0
L 0.6102361 1.6779529 0.6102361 1.6897639 0 P 0
L 0.6110236 2.2791339 0.6228346 2.2791339 0 P 0
L 0.6114174 2.1625984 0.6232284 2.1625984 0 P 0
L 0.6118445 0.7854666 0.6118445 0.7972776 0 P 0
L 0.6144294 0.9753343 0.6262404 0.9753343 0 P 0
L 0.6145669 1.9102363 0.6263779 1.9102363 0 P 0
L 0.6149606 0.5996063 0.6267716 0.5996063 0 P 0
L 0.6169291 2.2732284 0.6169291 2.2850394 0 P 0
L 0.6173229 2.1566929 0.6173229 2.1685039 0 P 0
L 0.6177165 1.2125984 0.6295275 1.2125984 0 P 0
L 0.6203349 0.9694288 0.6203349 0.9812398 0 P 0
L 0.6204724 1.9043308 0.6204724 1.9161418 0 P 0
L 0.6208661 0.5937008 0.6208661 0.6055118 0 P 0
L 0.623622 1.2066929 0.623622 1.2185039 0 P 0
L 0.629134 0.8362203 0.640945 0.8362203 0 P 0
L 0.6350395 0.8303148 0.6350395 0.8421258 0 P 0
L 0.6444882 1.0901575 0.6562992 1.0901575 0 P 0
L 0.6503937 1.084252 0.6503937 1.096063 0 P 0
L 0.652756 0.9751967 0.664567 0.9751967 0 P 0
L 0.657874 1.2125984 0.669685 1.2125984 0 P 0
L 0.6586615 0.9692912 0.6586615 0.9811022 0 P 0
L 0.6637795 1.2066929 0.6637795 1.2185039 0 P 0
L 0.6701639 0.3708078 0.6819749 0.3708078 0 P 0
L 0.675282 0.2141149 0.687093 0.2141149 0 P 0
L 0.6760694 0.3649023 0.6760694 0.3767133 0 P 0
L 0.6799212 1.8094489 0.6917322 1.8094489 0 P 0
L 0.6805118 2.5952756 0.7061024 2.5952756 0 P 0
L 0.6811875 0.2082094 0.6811875 0.2200204 0 P 0
L 0.6858267 1.8035434 0.6858267 1.8153544 0 P 0
L 0.6858268 2.4893701 0.6976378 2.4893701 0 P 0
L 0.6917323 2.4834646 0.6917323 2.4952756 0 P 0
L 0.6933071 2.5824803 0.6933071 2.6080709 0 P 0
L 0.6933464 2.4392937 0.7051574 2.4392937 0 P 0
L 0.6992519 2.4333882 0.6992519 2.4451992 0 P 0
L 0.7072838 0.6625983 0.7202758 0.6625983 0 P 0
L 0.7072838 0.7098424 0.7202758 0.7098424 0 P 0
L 0.7072838 0.7570865 0.7202758 0.7570865 0 P 0
L 0.7114174 0.4566927 0.7232284 0.4566927 0 P 0
L 0.7137798 0.6561023 0.7137798 0.6690943 0 P 0
L 0.7137798 0.7033464 0.7137798 0.7163384 0 P 0
L 0.7137798 0.7505905 0.7137798 0.7635825 0 P 0
L 0.7173229 0.4507872 0.7173229 0.4625982 0 P 0
L 0.7307087 2.2153543 0.7425197 2.2153543 0 P 0
L 0.7366142 2.2094488 0.7366142 2.2212598 0 P 0
L 0.7448819 1.1177165 0.7566929 1.1177165 0 P 0
L 0.7507874 1.111811 0.7507874 1.123622 0 P 0
L 0.7545279 0.6625983 0.7675199 0.6625983 0 P 0
L 0.7545279 0.7098424 0.7675199 0.7098424 0 P 0
L 0.7545279 0.7570865 0.7675199 0.7570865 0 P 0
L 0.7586614 2.0688976 0.7704724 2.0688976 0 P 0
L 0.7610239 0.6561023 0.7610239 0.6690943 0 P 0
L 0.7610239 0.7033464 0.7610239 0.7163384 0 P 0
L 0.7610239 0.7505905 0.7610239 0.7635825 0 P 0
L 0.7645669 2.0629921 0.7645669 2.0748031 0 P 0
L 0.7696851 0.4472441 0.7814961 0.4472441 0 P 0
L 0.7712599 2.0338583 0.7830709 2.0338583 0 P 0
L 0.7755906 0.4413386 0.7755906 0.4531496 0 P 0
L 0.7771654 2.0279528 0.7771654 2.0397638 0 P 0
L 0.7869384 2.731766 0.7987494 2.731766 0 P 0
L 0.7928439 2.7258605 0.7928439 2.7376715 0 P 0
L 0.7972441 1.5118109 0.8090551 1.5118109 0 P 0
L 0.801772 0.6625983 0.814764 0.6625983 0 P 0
L 0.801772 0.7098424 0.814764 0.7098424 0 P 0
L 0.801772 0.7570865 0.814764 0.7570865 0 P 0
L 0.8027559 1.1940944 0.8145669 1.1940944 0 P 0
L 0.8031496 1.5059054 0.8031496 1.5177164 0 P 0
L 0.8059055 2.3700787 0.8177165 2.3700787 0 P 0
L 0.808268 0.6561023 0.808268 0.6690943 0 P 0
L 0.808268 0.7033464 0.808268 0.7163384 0 P 0
L 0.808268 0.7505905 0.808268 0.7635825 0 P 0
L 0.8086614 1.1881889 0.8086614 1.1999999 0 P 0
L 0.811811 2.3641732 0.811811 2.3759842 0 P 0
L 0.8751969 2.0188976 0.8988189 2.0188976 0 P 0
L 0.8799248 2.4883864 0.8917358 2.4883864 0 P 0
L 0.8814961 1.9074803 0.8933071 1.9074803 0 P 0
L 0.8858303 2.4824809 0.8858303 2.4942919 0 P 0
L 0.8870079 2.0070866 0.8870079 2.0307086 0 P 0
L 0.8874016 1.9015748 0.8874016 1.9133858 0 P 0
L 0.8987149 1.4328475 0.9223369 1.4328475 0 P 0
L 0.9050486 0.0853093 0.9168596 0.0853093 0 P 0
L 0.9074804 0.9649604 0.9192914 0.9649604 0 P 0
L 0.9080708 2.5952756 0.9336614 2.5952756 0 P 0
L 0.9089856 2.4002699 0.9207966 2.4002699 0 P 0
L 0.9105259 1.4210365 0.9105259 1.4446585 0 P 0
L 0.9109541 0.0794038 0.9109541 0.0912148 0 P 0
L 0.9133859 0.9590549 0.9133859 0.9708659 0 P 0
L 0.9148911 2.3943644 0.9148911 2.4061754 0 P 0
L 0.9192914 0.5783465 0.9311024 0.5783465 0 P 0
L 0.9208661 2.5824803 0.9208661 2.6080709 0 P 0
L 0.9227652 1.1955455 0.9345762 1.1955455 0 P 0
L 0.9251969 0.572441 0.9251969 0.584252 0 P 0
L 0.9286707 1.18964 0.9286707 1.201451 0 P 0
L 0.9377954 0.2523621 0.9496064 0.2523621 0 P 0
L 0.9437009 0.2464566 0.9437009 0.2582676 0 P 0
L 0.957874 0.576378 0.969685 0.576378 0 P 0
L 0.9586614 1.1251969 0.9704724 1.1251969 0 P 0
L 0.9594488 2.5011811 0.9712598 2.5011811 0 P 0
L 0.961811 1.9035433 0.973622 1.9035433 0 P 0
L 0.9637795 0.5704725 0.9637795 0.5822835 0 P 0
L 0.9645669 1.1192914 0.9645669 1.1311024 0 P 0
L 0.9653543 2.4952756 0.9653543 2.5070866 0 P 0
L 0.9677165 1.8976378 0.9677165 1.9094488 0 P 0
L 0.9972441 2.5220472 1.0090551 2.5220472 0 P 0
L 1.0031496 2.5161417 1.0031496 2.5279527 0 P 0
L 1.0082679 0.8732283 1.0200789 0.8732283 0 P 0
L 1.0129922 0.3999999 1.0248032 0.3999999 0 P 0
L 1.0141734 0.8673228 1.0141734 0.8791338 0 P 0
L 1.0188977 0.3940944 1.0188977 0.4059054 0 P 0
L 1.0370079 1.2346457 1.0488189 1.2346457 0 P 0
L 1.0385827 1.3818899 1.0503937 1.3818899 0 P 0
L 1.0429134 1.2287402 1.0429134 1.2405512 0 P 0
L 1.0444882 1.3759844 1.0444882 1.3877954 0 P 0
L 1.0732286 0.7645668 1.0850396 0.7645668 0 P 0
L 1.0791341 0.7586613 1.0791341 0.7704723 0 P 0
L 1.1015053 0.4691675 1.1133163 0.4691675 0 P 0
L 1.1015053 2.693577 1.1133163 2.693577 0 P 0
L 1.1074108 0.463262 1.1074108 0.475073 0 P 0
L 1.1074108 2.6876715 1.1074108 2.6994825 0 P 0
L 1.1271654 2.3574803 1.1389764 2.3574803 0 P 0
L 1.1286707 2.113262 1.1404817 2.113262 0 P 0
L 1.1330014 0.9888526 1.1448124 0.9888526 0 P 0
L 1.1330709 1.6933071 1.1448819 1.6933071 0 P 0
L 1.1330709 2.3515748 1.1330709 2.3633858 0 P 0
L 1.1345762 2.1073565 1.1345762 2.1191675 0 P 0
L 1.1389069 0.9829471 1.1389069 0.9947581 0 P 0
L 1.1389764 1.6874016 1.1389764 1.6992126 0 P 0
