#Layer_Color=9474304
#
#Feature symbol names
#
$0 r5
$1 r6.6666

#
#Feature attribute names
#

#
#Layer features
#
A 0.7133071 2.5952756 0.7133071 2.5952756 0.6933071 2.5952756 1 P 0 N
A 0.9408661 2.5952756 0.9408661 2.5952756 0.9208661 2.5952756 1 P 0 N
L 0.03 1.1925985 0.03 1.2325985 0 P 0
L 0.03 1.1925985 0.07 1.1925985 0 P 0
L 0.03 1.2325985 0.07 1.2325985 0 P 0
L 0.0354423 1.4759392 0.0354423 1.5159392 0 P 0
L 0.0354423 1.4759392 0.0754423 1.4759392 0 P 0
L 0.0354423 1.5159392 0.0754423 1.5159392 0 P 0
L 0.038 1.2005985 0.038 1.2245985 0 P 0
L 0.038 1.2005985 0.062 1.2005985 0 P 0
L 0.038 1.2245985 0.062 1.2245985 0 P 0
L 0.0434423 1.4839392 0.0434423 1.5079392 0 P 0
L 0.0434423 1.4839392 0.0674423 1.4839392 0 P 0
L 0.0434423 1.5079392 0.0674423 1.5079392 0 P 0
L 0.0476471 0.0645219 0.0476471 0.1045219 0 P 0
L 0.0476471 0.0645219 0.0876471 0.0645219 0 P 0
L 0.0476471 0.1045219 0.0876471 0.1045219 0 P 0
L 0.0476471 0.3149156 0.0476471 0.3549156 0 P 0
L 0.0476471 0.3149156 0.0876471 0.3149156 0 P 0
L 0.0476471 0.3549156 0.0876471 0.3549156 0 P 0
L 0.0555907 0.4339369 0.0555907 0.4739369 0 P 0
L 0.0555907 0.4339369 0.0955907 0.4339369 0 P 0
L 0.0555907 0.4739369 0.0955907 0.4739369 0 P 0
L 0.0556471 0.0725219 0.0556471 0.0965219 0 P 0
L 0.0556471 0.0725219 0.0796471 0.0725219 0 P 0
L 0.0556471 0.0965219 0.0796471 0.0965219 0 P 0
L 0.0556471 0.3229156 0.0556471 0.3469156 0 P 0
L 0.0556471 0.3229156 0.0796471 0.3229156 0 P 0
L 0.0556471 0.3469156 0.0796471 0.3469156 0 P 0
L 0.062 1.2005985 0.062 1.2245985 0 P 0
L 0.0635907 0.4419369 0.0635907 0.4659369 0 P 0
L 0.0635907 0.4419369 0.0875907 0.4419369 0 P 0
L 0.0635907 0.4659369 0.0875907 0.4659369 0 P 0
L 0.0674423 1.4839392 0.0674423 1.5079392 0 P 0
L 0.07 1.1925985 0.07 1.2325985 0 P 0
L 0.0754423 1.4759392 0.0754423 1.5159392 0 P 0
L 0.0796471 0.0725219 0.0796471 0.0965219 0 P 0
L 0.0796471 0.3229156 0.0796471 0.3469156 0 P 0
L 0.0846549 1.0566478 0.0846549 1.0966478 0 P 0
L 0.0846549 1.0566478 0.1246549 1.0566478 0 P 0
L 0.0846549 1.0966478 0.1246549 1.0966478 0 P 0
L 0.0875907 0.4419369 0.0875907 0.4659369 0 P 0
L 0.0876471 0.0645219 0.0876471 0.1045219 0 P 0
L 0.0876471 0.3149156 0.0876471 0.3549156 0 P 0
L 0.0926549 1.0646478 0.0926549 1.0886478 0 P 0
L 0.0926549 1.0646478 0.1166549 1.0646478 0 P 0
L 0.0926549 1.0886478 0.1166549 1.0886478 0 P 0
L 0.0955907 0.4339369 0.0955907 0.4739369 0 P 0
L 0.1166549 1.0646478 0.1166549 1.0886478 0 P 0
L 0.1246549 1.0566478 0.1246549 1.0966478 0 P 0
L 0.1303242 2.3857817 0.1303242 2.4257817 0 P 0
L 0.1303242 2.3857817 0.1703242 2.3857817 0 P 0
L 0.1303242 2.4257817 0.1703242 2.4257817 0 P 0
L 0.1381982 2.6688526 0.1381982 2.7088526 0 P 0
L 0.1381982 2.6688526 0.1781982 2.6688526 0 P 0
L 0.1381982 2.7088526 0.1781982 2.7088526 0 P 0
L 0.1383242 2.3937817 0.1383242 2.4177817 0 P 0
L 0.1383242 2.3937817 0.1623242 2.3937817 0 P 0
L 0.1383242 2.4177817 0.1623242 2.4177817 0 P 0
L 0.1461982 2.6768526 0.1461982 2.7008526 0 P 0
L 0.1461982 2.6768526 0.1701982 2.6768526 0 P 0
L 0.1461982 2.7008526 0.1701982 2.7008526 0 P 0
L 0.1526378 1.2081497 0.1526378 1.2481497 0 P 0
L 0.1526378 1.2081497 0.1926378 1.2081497 0 P 0
L 0.1526378 1.2481497 0.1926378 1.2481497 0 P 0
L 0.1606378 1.2161497 0.1606378 1.2401497 0 P 0
L 0.1606378 1.2161497 0.1846378 1.2161497 0 P 0
L 0.1606378 1.2401497 0.1846378 1.2401497 0 P 0
L 0.1623242 2.3937817 0.1623242 2.4177817 0 P 0
L 0.1701982 2.6768526 0.1701982 2.7008526 0 P 0
L 0.1703242 2.3857817 0.1703242 2.4257817 0 P 0
L 0.1781982 2.6688526 0.1781982 2.7088526 0 P 0
L 0.1846378 1.2161497 0.1846378 1.2401497 0 P 0
L 0.1926378 1.2081497 0.1926378 1.2481497 0 P 0
L 0.2406299 0.9158268 0.2406299 0.9558268 0 P 0
L 0.2406299 0.9158268 0.2806299 0.9158268 0 P 0
L 0.2406299 0.9558268 0.2806299 0.9558268 0 P 0
L 0.2486299 0.9238268 0.2486299 0.9478268 0 P 0
L 0.2486299 0.9238268 0.2726299 0.9238268 0 P 0
L 0.2486299 0.9478268 0.2726299 0.9478268 0 P 0
L 0.2726299 0.9238268 0.2726299 0.9478268 0 P 0
L 0.2772441 1.9855118 0.2772441 2.0255118 0 P 0
L 0.2772441 1.9855118 0.3172441 1.9855118 0 P 0
L 0.2772441 2.0255118 0.3172441 2.0255118 0 P 0
L 0.2806299 0.9158268 0.2806299 0.9558268 0 P 0
L 0.2852441 1.9935118 0.2852441 2.0175118 0 P 0
L 0.2852441 1.9935118 0.3092441 1.9935118 0 P 0
L 0.2852441 2.0175118 0.3092441 2.0175118 0 P 0
L 0.2949606 0.1768504 0.2949606 0.2168504 0 P 0
L 0.2949606 0.1768504 0.3349606 0.1768504 0 P 0
L 0.2949606 0.2168504 0.3349606 0.2168504 0 P 0
L 0.2949606 0.3768504 0.2949606 0.4168504 0 P 0
L 0.2949606 0.3768504 0.3349606 0.3768504 0 P 0
L 0.2949606 0.4168504 0.3349606 0.4168504 0 P 0
L 0.2949606 0.4768504 0.2949606 0.5168504 0 P 0
L 0.2949606 0.4768504 0.3349606 0.4768504 0 P 0
L 0.2949606 0.5168504 0.3349606 0.5168504 0 P 0
L 0.2949606 0.5768504 0.2949606 0.6168504 0 P 0
L 0.2949606 0.5768504 0.3349606 0.5768504 0 P 0
L 0.2949606 0.6168504 0.3349606 0.6168504 0 P 0
L 0.3000093 1.1975927 0.3000093 1.2375927 0 P 0
L 0.3000093 1.1975927 0.3400093 1.1975927 0 P 0
L 0.3000093 1.2375927 0.3400093 1.2375927 0 P 0
L 0.3051969 2.4170079 0.3051969 2.4570079 0 P 0
L 0.3051969 2.4170079 0.3451969 2.4170079 0 P 0
L 0.3051969 2.4570079 0.3451969 2.4570079 0 P 0
L 0.3080093 1.2055927 0.3080093 1.2295927 0 P 0
L 0.3080093 1.2055927 0.3320093 1.2055927 0 P 0
L 0.3080093 1.2295927 0.3320093 1.2295927 0 P 0
L 0.3092441 1.9935118 0.3092441 2.0175118 0 P 0
L 0.3131969 2.4250079 0.3131969 2.4490079 0 P 0
L 0.3131969 2.4250079 0.3371969 2.4250079 0 P 0
L 0.3131969 2.4490079 0.3371969 2.4490079 0 P 0
L 0.3172441 1.9855118 0.3172441 2.0255118 0 P 0
L 0.3232376 2.6531045 0.3232376 2.6931045 0 P 0
L 0.3232376 2.6531045 0.3632376 2.6531045 0 P 0
L 0.3232376 2.6931045 0.3632376 2.6931045 0 P 0
L 0.3312376 2.6611045 0.3312376 2.6851045 0 P 0
L 0.3312376 2.6611045 0.3552376 2.6611045 0 P 0
L 0.3312376 2.6851045 0.3552376 2.6851045 0 P 0
L 0.3320093 1.2055927 0.3320093 1.2295927 0 P 0
L 0.3349606 0.1768504 0.3349606 0.2168504 0 P 0
L 0.3349606 0.3768504 0.3349606 0.4168504 0 P 0
L 0.3349606 0.4768504 0.3349606 0.5168504 0 P 0
L 0.3349606 0.5768504 0.3349606 0.6168504 0 P 0
L 0.3371969 2.4250079 0.3371969 2.4490079 0 P 0
L 0.3400093 1.1975927 0.3400093 1.2375927 0 P 0
L 0.3451969 2.4170079 0.3451969 2.4570079 0 P 0
L 0.3544095 1.7524409 0.3544095 1.7924409 0 P 0
L 0.3544095 1.7524409 0.3944095 1.7524409 0 P 0
L 0.3544095 1.7924409 0.3944095 1.7924409 0 P 0
L 0.3552376 2.6611045 0.3552376 2.6851045 0 P 0
L 0.3624095 1.7604409 0.3624095 1.7844409 0 P 0
L 0.3624095 1.7604409 0.3864095 1.7604409 0 P 0
L 0.3624095 1.7844409 0.3864095 1.7844409 0 P 0
L 0.3632376 2.6531045 0.3632376 2.6931045 0 P 0
L 0.3835432 1.0835433 0.3835432 1.1235433 0 P 0
L 0.3835432 1.0835433 0.4235432 1.0835433 0 P 0
L 0.3835432 1.1235433 0.4235432 1.1235433 0 P 0
L 0.3864095 1.7604409 0.3864095 1.7844409 0 P 0
L 0.3915432 1.0915433 0.3915432 1.1155433 0 P 0
L 0.3915432 1.0915433 0.4155432 1.0915433 0 P 0
L 0.3915432 1.1155433 0.4155432 1.1155433 0 P 0
L 0.3944095 1.7524409 0.3944095 1.7924409 0 P 0
L 0.4155432 1.0915433 0.4155432 1.1155433 0 P 0
L 0.4235432 1.0835433 0.4235432 1.1235433 0 P 0
L 0.4240945 0.8638583 0.4240945 0.9038583 0 P 0
L 0.4240945 0.8638583 0.4640945 0.8638583 0 P 0
L 0.4240945 0.9038583 0.4640945 0.9038583 0 P 0
L 0.4268504 1.7532283 0.4268504 1.7932283 0 P 0
L 0.4268504 1.7532283 0.4668504 1.7532283 0 P 0
L 0.4268504 1.7932283 0.4668504 1.7932283 0 P 0
L 0.4307874 0.5099213 0.4307874 0.5499213 0 P 0
L 0.4307874 0.5099213 0.4707874 0.5099213 0 P 0
L 0.4307874 0.5499213 0.4707874 0.5499213 0 P 0
L 0.4307874 0.8252756 0.4307874 0.8652756 0 P 0
L 0.4307874 0.8252756 0.4707874 0.8252756 0 P 0
L 0.4307874 0.8652756 0.4707874 0.8652756 0 P 0
L 0.4320945 0.8718583 0.4320945 0.8958583 0 P 0
L 0.4320945 0.8718583 0.4560945 0.8718583 0 P 0
L 0.4320945 0.8958583 0.4560945 0.8958583 0 P 0
L 0.4348504 1.7612283 0.4348504 1.7852283 0 P 0
L 0.4348504 1.7612283 0.4588504 1.7612283 0 P 0
L 0.4348504 1.7852283 0.4588504 1.7852283 0 P 0
L 0.4370171 1.6168841 0.4370171 1.6568841 0 P 0
L 0.4370171 1.6168841 0.4770171 1.6168841 0 P 0
L 0.4370171 1.6568841 0.4770171 1.6568841 0 P 0
L 0.4387874 0.5179213 0.4387874 0.5419213 0 P 0
L 0.4387874 0.5179213 0.4627874 0.5179213 0 P 0
L 0.4387874 0.5419213 0.4627874 0.5419213 0 P 0
L 0.4387874 0.8332756 0.4387874 0.8572756 0 P 0
L 0.4387874 0.8332756 0.4627874 0.8332756 0 P 0
L 0.4387874 0.8572756 0.4627874 0.8572756 0 P 0
L 0.4433858 0.5662205 0.4433858 0.6062205 0 P 0
L 0.4433858 0.5662205 0.4833858 0.5662205 0 P 0
L 0.4433858 0.6062205 0.4833858 0.6062205 0 P 0
L 0.4442584 0.3350598 0.4442584 0.3750598 0 P 0
L 0.4442584 0.3350598 0.4842584 0.3350598 0 P 0
L 0.4442584 0.3750598 0.4842584 0.3750598 0 P 0
L 0.4450171 1.6248841 0.4450171 1.6488841 0 P 0
L 0.4450171 1.6248841 0.4690171 1.6248841 0 P 0
L 0.4450171 1.6488841 0.4690171 1.6488841 0 P 0
L 0.4488976 2.3355118 0.4488976 2.3755118 0 P 0
L 0.4488976 2.3355118 0.4888976 2.3355118 0 P 0
L 0.4488976 2.3755118 0.4888976 2.3755118 0 P 0
L 0.4513858 0.5742205 0.4513858 0.5982205 0 P 0
L 0.4513858 0.5742205 0.4753858 0.5742205 0 P 0
L 0.4513858 0.5982205 0.4753858 0.5982205 0 P 0
L 0.4522584 0.3430598 0.4522584 0.3670598 0 P 0
L 0.4522584 0.3430598 0.4762584 0.3430598 0 P 0
L 0.4522584 0.3670598 0.4762584 0.3670598 0 P 0
L 0.4547337 0.4633408 0.4547337 0.5033408 0 P 0
L 0.4547337 0.4633408 0.4947337 0.4633408 0 P 0
L 0.4547337 0.5033408 0.4947337 0.5033408 0 P 0
L 0.4560945 0.8718583 0.4560945 0.8958583 0 P 0
L 0.4568976 2.3435118 0.4568976 2.3675118 0 P 0
L 0.4568976 2.3435118 0.4808976 2.3435118 0 P 0
L 0.4568976 2.3675118 0.4808976 2.3675118 0 P 0
L 0.4588504 1.7612283 0.4588504 1.7852283 0 P 0
L 0.4618898 0.181181 0.4618898 0.221181 0 P 0
L 0.4618898 0.181181 0.5018898 0.181181 0 P 0
L 0.4618898 0.221181 0.5018898 0.221181 0 P 0
L 0.4627337 0.4713408 0.4627337 0.4953408 0 P 0
L 0.4627337 0.4713408 0.4867337 0.4713408 0 P 0
L 0.4627337 0.4953408 0.4867337 0.4953408 0 P 0
L 0.4627874 0.5179213 0.4627874 0.5419213 0 P 0
L 0.4627874 0.8332756 0.4627874 0.8572756 0 P 0
L 0.4640945 0.8638583 0.4640945 0.9038583 0 P 0
L 0.4668504 1.7532283 0.4668504 1.7932283 0 P 0
L 0.4690171 1.6248841 0.4690171 1.6488841 0 P 0
L 0.4698898 0.189181 0.4698898 0.213181 0 P 0
L 0.4698898 0.189181 0.4938898 0.189181 0 P 0
L 0.4698898 0.213181 0.4938898 0.213181 0 P 0
L 0.4707874 0.5099213 0.4707874 0.5499213 0 P 0
L 0.4707874 0.8252756 0.4707874 0.8652756 0 P 0
L 0.4748819 1.9170079 0.4748819 1.9270079 0 P 0
L 0.4748819 1.9170079 0.4848819 1.9170079 0 P 0
L 0.4748819 1.9270079 0.4848819 1.9370079 0 P 0
L 0.4748819 1.9470079 0.4748819 1.9570079 0 P 0
L 0.4748819 1.9470079 0.4848819 1.9370079 0 P 0
L 0.4748819 1.9570079 0.4848819 1.9570079 0 P 0
L 0.4753858 0.5742205 0.4753858 0.5982205 0 P 0
L 0.4762584 0.3430598 0.4762584 0.3670598 0 P 0
L 0.4770171 1.6168841 0.4770171 1.6568841 0 P 0
L 0.4776379 0.602047 0.4776379 0.642047 0 P 0
L 0.4776379 0.602047 0.5176379 0.602047 0 P 0
L 0.4776379 0.642047 0.5176379 0.642047 0 P 0
L 0.4779347 0.6787219 0.4779347 0.7187219 0 P 0
L 0.4779347 0.6787219 0.5179347 0.6787219 0 P 0
L 0.4779347 0.7187219 0.5179347 0.7187219 0 P 0
L 0.4792126 1.1591339 0.4792126 1.1991339 0 P 0
L 0.4792126 1.1591339 0.5192126 1.1591339 0 P 0
L 0.4792126 1.1991339 0.5192126 1.1991339 0 P 0
L 0.4808976 2.3435118 0.4808976 2.3675118 0 P 0
L 0.4833858 0.5662205 0.4833858 0.6062205 0 P 0
L 0.483937 1.7079528 0.483937 1.7179528 0 P 0
L 0.483937 1.7079528 0.493937 1.7079528 0 P 0
L 0.483937 1.7179528 0.493937 1.7279528 0 P 0
L 0.483937 1.7379528 0.483937 1.7479528 0 P 0
L 0.483937 1.7379528 0.493937 1.7279528 0 P 0
L 0.483937 1.7479528 0.493937 1.7479528 0 P 0
L 0.4842584 0.3350598 0.4842584 0.3750598 0 P 0
L 0.4848819 1.9170079 0.4948819 1.9270079 0 P 0
L 0.4848819 1.9570079 0.4948819 1.9470079 0 P 0
L 0.4856379 0.610047 0.4856379 0.634047 0 P 0
L 0.4856379 0.610047 0.5096379 0.610047 0 P 0
L 0.4856379 0.634047 0.5096379 0.634047 0 P 0
L 0.4859347 0.6867219 0.4859347 0.7107219 0 P 0
L 0.4859347 0.6867219 0.5099347 0.6867219 0 P 0
L 0.4859347 0.7107219 0.5099347 0.7107219 0 P 0
L 0.4867337 0.4713408 0.4867337 0.4953408 0 P 0
L 0.4872126 1.1671339 0.4872126 1.1911339 0 P 0
L 0.4872126 1.1671339 0.5112126 1.1671339 0 P 0
L 0.4872126 1.1911339 0.5112126 1.1911339 0 P 0
L 0.4888976 2.3355118 0.4888976 2.3755118 0 P 0
L 0.491811 2.0374803 0.491811 2.0774803 0 P 0
L 0.491811 2.0374803 0.531811 2.0374803 0 P 0
L 0.491811 2.0774803 0.531811 2.0774803 0 P 0
L 0.4938647 0.371674 0.4938647 0.411674 0 P 0
L 0.4938647 0.371674 0.5338647 0.371674 0 P 0
L 0.4938647 0.411674 0.5338647 0.411674 0 P 0
L 0.4938898 0.189181 0.4938898 0.213181 0 P 0
L 0.493937 1.7079528 0.503937 1.7179528 0 P 0
L 0.493937 1.7479528 0.503937 1.7379528 0 P 0
L 0.4947337 0.4633408 0.4947337 0.5033408 0 P 0
L 0.4948819 1.9270079 0.5048819 1.9170079 0 P 0
L 0.4948819 1.9470079 0.5048819 1.9570079 0 P 0
L 0.4990945 0.761496 0.4990945 0.801496 0 P 0
L 0.4990945 0.761496 0.5390945 0.761496 0 P 0
L 0.4990945 0.801496 0.5390945 0.801496 0 P 0
L 0.499811 2.0454803 0.499811 2.0694803 0 P 0
L 0.499811 2.0454803 0.523811 2.0454803 0 P 0
L 0.499811 2.0694803 0.523811 2.0694803 0 P 0
L 0.5018647 0.379674 0.5018647 0.403674 0 P 0
L 0.5018647 0.379674 0.5258647 0.379674 0 P 0
L 0.5018647 0.403674 0.5258647 0.403674 0 P 0
L 0.5018898 0.181181 0.5018898 0.221181 0 P 0
L 0.503937 1.7179528 0.513937 1.7079528 0 P 0
L 0.503937 1.7379528 0.513937 1.7479528 0 P 0
L 0.5040157 2.6469291 0.5040157 2.6869291 0 P 0
L 0.5040157 2.6469291 0.5440157 2.6469291 0 P 0
L 0.5040157 2.6869291 0.5440157 2.6869291 0 P 0
L 0.5048819 1.9170079 0.5148819 1.9170079 0 P 0
L 0.5048819 1.9370079 0.5148819 1.9270079 0 P 0
L 0.5048819 1.9370079 0.5148819 1.9470079 0 P 0
L 0.5048819 1.9570079 0.5148819 1.9570079 0 P 0
L 0.5070945 0.769496 0.5070945 0.793496 0 P 0
L 0.5070945 0.769496 0.5310945 0.769496 0 P 0
L 0.5070945 0.793496 0.5310945 0.793496 0 P 0
L 0.5096379 0.610047 0.5096379 0.634047 0 P 0
L 0.5099347 0.6867219 0.5099347 0.7107219 0 P 0
L 0.510315 0.5095276 0.510315 0.5495276 0 P 0
L 0.510315 0.5095276 0.550315 0.5095276 0 P 0
L 0.510315 0.5495276 0.550315 0.5495276 0 P 0
L 0.510315 1.0343307 0.510315 1.0743307 0 P 0
L 0.510315 1.0343307 0.550315 1.0343307 0 P 0
L 0.510315 1.0743307 0.550315 1.0743307 0 P 0
L 0.5112126 1.1671339 0.5112126 1.1911339 0 P 0
L 0.5120157 2.6549291 0.5120157 2.6789291 0 P 0
L 0.5120157 2.6549291 0.5360157 2.6549291 0 P 0
L 0.5120157 2.6789291 0.5360157 2.6789291 0 P 0
L 0.513937 1.7079528 0.523937 1.7079528 0 P 0
L 0.513937 1.7279528 0.523937 1.7179528 0 P 0
L 0.513937 1.7279528 0.523937 1.7379528 0 P 0
L 0.513937 1.7479528 0.523937 1.7479528 0 P 0
L 0.5146457 0.4654331 0.5146457 0.5054331 0 P 0
L 0.5146457 0.4654331 0.5546457 0.4654331 0 P 0
L 0.5146457 0.5054331 0.5546457 0.5054331 0 P 0
L 0.5148819 1.9170079 0.5148819 1.9270079 0 P 0
L 0.5148819 1.9470079 0.5148819 1.9570079 0 P 0
L 0.5176379 0.602047 0.5176379 0.642047 0 P 0
L 0.5179347 0.6787219 0.5179347 0.7187219 0 P 0
L 0.518315 0.5175276 0.518315 0.5415276 0 P 0
L 0.518315 0.5175276 0.542315 0.5175276 0 P 0
L 0.518315 0.5415276 0.542315 0.5415276 0 P 0
L 0.518315 1.0423307 0.518315 1.0663307 0 P 0
L 0.518315 1.0423307 0.542315 1.0423307 0 P 0
L 0.518315 1.0663307 0.542315 1.0663307 0 P 0
L 0.5192126 1.1591339 0.5192126 1.1991339 0 P 0
L 0.5201575 0.6044094 0.5201575 0.6444094 0 P 0
L 0.5201575 0.6044094 0.5601575 0.6044094 0 P 0
L 0.5201575 0.6444094 0.5601575 0.6444094 0 P 0
L 0.5226457 0.4734331 0.5226457 0.4974331 0 P 0
L 0.5226457 0.4734331 0.5466457 0.4734331 0 P 0
L 0.5226457 0.4974331 0.5466457 0.4974331 0 P 0
L 0.523811 2.0454803 0.523811 2.0694803 0 P 0
L 0.523937 1.7079528 0.523937 1.7179528 0 P 0
L 0.523937 1.7379528 0.523937 1.7479528 0 P 0
L 0.5258647 0.379674 0.5258647 0.403674 0 P 0
L 0.5281575 0.6124094 0.5281575 0.6364094 0 P 0
L 0.5281575 0.6124094 0.5521575 0.6124094 0 P 0
L 0.5281575 0.6364094 0.5521575 0.6364094 0 P 0
L 0.5292126 2.195748 0.5292126 2.235748 0 P 0
L 0.5292126 2.195748 0.5692126 2.195748 0 P 0
L 0.5292126 2.235748 0.5692126 2.235748 0 P 0
L 0.5310945 0.769496 0.5310945 0.793496 0 P 0
L 0.531811 2.0374803 0.531811 2.0774803 0 P 0
L 0.5338647 0.371674 0.5338647 0.411674 0 P 0
L 0.5360157 2.6549291 0.5360157 2.6789291 0 P 0
L 0.5370866 1.1886614 0.5370866 1.2286614 0 P 0
L 0.5370866 1.1886614 0.5770866 1.1886614 0 P 0
L 0.5370866 1.2286614 0.5770866 1.2286614 0 P 0
L 0.5372126 2.203748 0.5372126 2.227748 0 P 0
L 0.5372126 2.203748 0.5612126 2.203748 0 P 0
L 0.5372126 2.227748 0.5612126 2.227748 0 P 0
L 0.5390945 0.761496 0.5390945 0.801496 0 P 0
L 0.542315 0.5175276 0.542315 0.5415276 0 P 0
L 0.542315 1.0423307 0.542315 1.0663307 0 P 0
L 0.5440157 2.6469291 0.5440157 2.6869291 0 P 0
L 0.5450866 1.1966614 0.5450866 1.2206614 0 P 0
L 0.5450866 1.1966614 0.5690866 1.1966614 0 P 0
L 0.5450866 1.2206614 0.5690866 1.2206614 0 P 0
L 0.5466457 0.4734331 0.5466457 0.4974331 0 P 0
L 0.5474551 1.887348 0.5474551 1.927348 0 P 0
L 0.5474551 1.887348 0.5874551 1.887348 0 P 0
L 0.5474551 1.927348 0.5874551 1.927348 0 P 0
L 0.5480408 1.6263329 0.5480408 1.6663329 0 P 0
L 0.5480408 1.6263329 0.5880408 1.6263329 0 P 0
L 0.5480408 1.6663329 0.5880408 1.6663329 0 P 0
L 0.550315 0.5095276 0.550315 0.5495276 0 P 0
L 0.550315 1.0343307 0.550315 1.0743307 0 P 0
L 0.5508661 1.1091339 0.5508661 1.1491339 0 P 0
L 0.5508661 1.1091339 0.5908661 1.1091339 0 P 0
L 0.5508661 1.1491339 0.5908661 1.1491339 0 P 0
L 0.5521575 0.6124094 0.5521575 0.6364094 0 P 0
L 0.5546457 0.4654331 0.5546457 0.5054331 0 P 0
L 0.5554551 1.895348 0.5554551 1.919348 0 P 0
L 0.5554551 1.895348 0.5794551 1.895348 0 P 0
L 0.5554551 1.919348 0.5794551 1.919348 0 P 0
L 0.5560408 1.6343329 0.5560408 1.6583329 0 P 0
L 0.5560408 1.6343329 0.5800408 1.6343329 0 P 0
L 0.5560408 1.6583329 0.5800408 1.6583329 0 P 0
L 0.5588661 1.1171339 0.5588661 1.1411339 0 P 0
L 0.5588661 1.1171339 0.5828661 1.1171339 0 P 0
L 0.5588661 1.1411339 0.5828661 1.1411339 0 P 0
L 0.5595277 0.7776377 0.5595277 0.8176377 0 P 0
L 0.5595277 0.7776377 0.5995277 0.7776377 0 P 0
L 0.5595277 0.8176377 0.5995277 0.8176377 0 P 0
L 0.5601575 0.6044094 0.5601575 0.6444094 0 P 0
L 0.5607087 0.8599213 0.5607087 0.8999213 0 P 0
L 0.5607087 0.8599213 0.6007087 0.8599213 0 P 0
L 0.5607087 0.8999213 0.6007087 0.8999213 0 P 0
L 0.5612126 2.203748 0.5612126 2.227748 0 P 0
L 0.5675277 0.7856377 0.5675277 0.8096377 0 P 0
L 0.5675277 0.7856377 0.5915277 0.7856377 0 P 0
L 0.5675277 0.8096377 0.5915277 0.8096377 0 P 0
L 0.5687087 0.8679213 0.5687087 0.8919213 0 P 0
L 0.5687087 0.8679213 0.5927087 0.8679213 0 P 0
L 0.5687087 0.8919213 0.5927087 0.8919213 0 P 0
L 0.5690866 1.1966614 0.5690866 1.2206614 0 P 0
L 0.5692126 2.195748 0.5692126 2.235748 0 P 0
L 0.57252 0.4721258 0.57252 0.5121258 0 P 0
L 0.57252 0.4721258 0.61252 0.4721258 0 P 0
L 0.57252 0.5121258 0.61252 0.5121258 0 P 0
L 0.5759935 0.0578289 0.5759935 0.0978289 0 P 0
L 0.5759935 0.0578289 0.6159935 0.0578289 0 P 0
L 0.5759935 0.0978289 0.6159935 0.0978289 0 P 0
L 0.5764988 1.9554395 0.5764988 1.9954395 0 P 0
L 0.5764988 1.9554395 0.6164988 1.9554395 0 P 0
L 0.5764988 1.9954395 0.6164988 1.9954395 0 P 0
L 0.5770866 1.1886614 0.5770866 1.2286614 0 P 0
L 0.5794551 1.895348 0.5794551 1.919348 0 P 0
L 0.5800408 1.6343329 0.5800408 1.6583329 0 P 0
L 0.58052 0.4801258 0.58052 0.5041258 0 P 0
L 0.58052 0.4801258 0.60452 0.4801258 0 P 0
L 0.58052 0.5041258 0.60452 0.5041258 0 P 0
L 0.5828661 1.1171339 0.5828661 1.1411339 0 P 0
L 0.5839935 0.0658289 0.5839935 0.0898289 0 P 0
L 0.5839935 0.0658289 0.6079935 0.0658289 0 P 0
L 0.5839935 0.0898289 0.6079935 0.0898289 0 P 0
L 0.5844988 1.9634395 0.5844988 1.9874395 0 P 0
L 0.5844988 1.9634395 0.6084988 1.9634395 0 P 0
L 0.5844988 1.9874395 0.6084988 1.9874395 0 P 0
L 0.5874551 1.887348 0.5874551 1.927348 0 P 0
L 0.5880408 1.6263329 0.5880408 1.6663329 0 P 0
L 0.5902361 1.6638584 0.5902361 1.7038584 0 P 0
L 0.5902361 1.6638584 0.6302361 1.6638584 0 P 0
L 0.5902361 1.7038584 0.6302361 1.7038584 0 P 0
L 0.5908661 1.1091339 0.5908661 1.1491339 0 P 0
L 0.5915277 0.7856377 0.5915277 0.8096377 0 P 0
L 0.5918445 0.7713721 0.5918445 0.8113721 0 P 0
L 0.5918445 0.7713721 0.6318445 0.7713721 0 P 0
L 0.5918445 0.8113721 0.6318445 0.8113721 0 P 0
L 0.5927087 0.8679213 0.5927087 0.8919213 0 P 0
L 0.5969291 2.2591339 0.5969291 2.2991339 0 P 0
L 0.5969291 2.2591339 0.6369291 2.2591339 0 P 0
L 0.5969291 2.2991339 0.6369291 2.2991339 0 P 0
L 0.5973229 2.1425984 0.5973229 2.1825984 0 P 0
L 0.5973229 2.1425984 0.6373229 2.1425984 0 P 0
L 0.5973229 2.1825984 0.6373229 2.1825984 0 P 0
L 0.5982361 1.6718584 0.5982361 1.6958584 0 P 0
L 0.5982361 1.6718584 0.6222361 1.6718584 0 P 0
L 0.5982361 1.6958584 0.6222361 1.6958584 0 P 0
L 0.5995277 0.7776377 0.5995277 0.8176377 0 P 0
L 0.5998445 0.7793721 0.5998445 0.8033721 0 P 0
L 0.5998445 0.7793721 0.6238445 0.7793721 0 P 0
L 0.5998445 0.8033721 0.6238445 0.8033721 0 P 0
L 0.6003349 0.9553343 0.6003349 0.9953343 0 P 0
L 0.6003349 0.9553343 0.6403349 0.9553343 0 P 0
L 0.6003349 0.9953343 0.6403349 0.9953343 0 P 0
L 0.6004724 1.8902363 0.6004724 1.9302363 0 P 0
L 0.6004724 1.8902363 0.6404724 1.8902363 0 P 0
L 0.6004724 1.9302363 0.6404724 1.9302363 0 P 0
L 0.6007087 0.8599213 0.6007087 0.8999213 0 P 0
L 0.6008661 0.5796063 0.6008661 0.6196063 0 P 0
L 0.6008661 0.5796063 0.6408661 0.5796063 0 P 0
L 0.6008661 0.6196063 0.6408661 0.6196063 0 P 0
L 0.603622 1.1925984 0.603622 1.2325984 0 P 0
L 0.603622 1.1925984 0.643622 1.1925984 0 P 0
L 0.603622 1.2325984 0.643622 1.2325984 0 P 0
L 0.60452 0.4801258 0.60452 0.5041258 0 P 0
L 0.6049291 2.2671339 0.6049291 2.2911339 0 P 0
L 0.6049291 2.2671339 0.6289291 2.2671339 0 P 0
L 0.6049291 2.2911339 0.6289291 2.2911339 0 P 0
L 0.6053229 2.1505984 0.6053229 2.1745984 0 P 0
L 0.6053229 2.1505984 0.6293229 2.1505984 0 P 0
L 0.6053229 2.1745984 0.6293229 2.1745984 0 P 0
L 0.6079935 0.0658289 0.6079935 0.0898289 0 P 0
L 0.6083349 0.9633343 0.6083349 0.9873343 0 P 0
L 0.6083349 0.9633343 0.6323349 0.9633343 0 P 0
L 0.6083349 0.9873343 0.6323349 0.9873343 0 P 0
L 0.6084724 1.8982363 0.6084724 1.9222363 0 P 0
L 0.6084724 1.8982363 0.6324724 1.8982363 0 P 0
L 0.6084724 1.9222363 0.6324724 1.9222363 0 P 0
L 0.6084988 1.9634395 0.6084988 1.9874395 0 P 0
L 0.6088661 0.5876063 0.6088661 0.6116063 0 P 0
L 0.6088661 0.5876063 0.6328661 0.5876063 0 P 0
L 0.6088661 0.6116063 0.6328661 0.6116063 0 P 0
L 0.611622 1.2005984 0.611622 1.2245984 0 P 0
L 0.611622 1.2005984 0.635622 1.2005984 0 P 0
L 0.611622 1.2245984 0.635622 1.2245984 0 P 0
L 0.61252 0.4721258 0.61252 0.5121258 0 P 0
L 0.6150395 0.8162203 0.6150395 0.8562203 0 P 0
L 0.6150395 0.8162203 0.6550395 0.8162203 0 P 0
L 0.6150395 0.8562203 0.6550395 0.8562203 0 P 0
L 0.6159935 0.0578289 0.6159935 0.0978289 0 P 0
L 0.6164988 1.9554395 0.6164988 1.9954395 0 P 0
L 0.6222361 1.6718584 0.6222361 1.6958584 0 P 0
L 0.6230395 0.8242203 0.6230395 0.8482203 0 P 0
L 0.6230395 0.8242203 0.6470395 0.8242203 0 P 0
L 0.6230395 0.8482203 0.6470395 0.8482203 0 P 0
L 0.6238445 0.7793721 0.6238445 0.8033721 0 P 0
L 0.6289291 2.2671339 0.6289291 2.2911339 0 P 0
L 0.6293229 2.1505984 0.6293229 2.1745984 0 P 0
L 0.6302361 1.6638584 0.6302361 1.7038584 0 P 0
L 0.6303937 1.0701575 0.6303937 1.1101575 0 P 0
L 0.6303937 1.0701575 0.6703937 1.0701575 0 P 0
L 0.6303937 1.1101575 0.6703937 1.1101575 0 P 0
L 0.6318445 0.7713721 0.6318445 0.8113721 0 P 0
L 0.6323349 0.9633343 0.6323349 0.9873343 0 P 0
L 0.6324724 1.8982363 0.6324724 1.9222363 0 P 0
L 0.6328661 0.5876063 0.6328661 0.6116063 0 P 0
L 0.635622 1.2005984 0.635622 1.2245984 0 P 0
L 0.6369291 2.2591339 0.6369291 2.2991339 0 P 0
L 0.6373229 2.1425984 0.6373229 2.1825984 0 P 0
L 0.6383937 1.0781575 0.6383937 1.1021575 0 P 0
L 0.6383937 1.0781575 0.6623937 1.0781575 0 P 0
L 0.6383937 1.1021575 0.6623937 1.1021575 0 P 0
L 0.6386615 0.9551967 0.6386615 0.9951967 0 P 0
L 0.6386615 0.9551967 0.6786615 0.9551967 0 P 0
L 0.6386615 0.9951967 0.6786615 0.9951967 0 P 0
L 0.6403349 0.9553343 0.6403349 0.9953343 0 P 0
L 0.6404724 1.8902363 0.6404724 1.9302363 0 P 0
L 0.6408661 0.5796063 0.6408661 0.6196063 0 P 0
L 0.643622 1.1925984 0.643622 1.2325984 0 P 0
L 0.6437795 1.1925984 0.6437795 1.2325984 0 P 0
L 0.6437795 1.1925984 0.6837795 1.1925984 0 P 0
L 0.6437795 1.2325984 0.6837795 1.2325984 0 P 0
L 0.6466615 0.9631967 0.6466615 0.9871967 0 P 0
L 0.6466615 0.9631967 0.6706615 0.9631967 0 P 0
L 0.6466615 0.9871967 0.6706615 0.9871967 0 P 0
L 0.6470395 0.8242203 0.6470395 0.8482203 0 P 0
L 0.6517795 1.2005984 0.6517795 1.2245984 0 P 0
L 0.6517795 1.2005984 0.6757795 1.2005984 0 P 0
L 0.6517795 1.2245984 0.6757795 1.2245984 0 P 0
L 0.6550395 0.8162203 0.6550395 0.8562203 0 P 0
L 0.6560694 0.3508078 0.6560694 0.3908078 0 P 0
L 0.6560694 0.3508078 0.6960694 0.3508078 0 P 0
L 0.6560694 0.3908078 0.6960694 0.3908078 0 P 0
L 0.6611875 0.1941149 0.6611875 0.2341149 0 P 0
L 0.6611875 0.1941149 0.7011875 0.1941149 0 P 0
L 0.6611875 0.2341149 0.7011875 0.2341149 0 P 0
L 0.6623937 1.0781575 0.6623937 1.1021575 0 P 0
L 0.6640694 0.3588078 0.6640694 0.3828078 0 P 0
L 0.6640694 0.3588078 0.6880694 0.3588078 0 P 0
L 0.6640694 0.3828078 0.6880694 0.3828078 0 P 0
L 0.6658267 1.7894489 0.6658267 1.8294489 0 P 0
L 0.6658267 1.7894489 0.7058267 1.7894489 0 P 0
L 0.6658267 1.8294489 0.7058267 1.8294489 0 P 0
L 0.6691875 0.2021149 0.6691875 0.2261149 0 P 0
L 0.6691875 0.2021149 0.6931875 0.2021149 0 P 0
L 0.6691875 0.2261149 0.6931875 0.2261149 0 P 0
L 0.6703937 1.0701575 0.6703937 1.1101575 0 P 0
L 0.6706615 0.9631967 0.6706615 0.9871967 0 P 0
L 0.6717323 2.4693701 0.6717323 2.5093701 0 P 0
L 0.6717323 2.4693701 0.7117323 2.4693701 0 P 0
L 0.6717323 2.5093701 0.7117323 2.5093701 0 P 0
L 0.6738267 1.7974489 0.6738267 1.8214489 0 P 0
L 0.6738267 1.7974489 0.6978267 1.7974489 0 P 0
L 0.6738267 1.8214489 0.6978267 1.8214489 0 P 0
L 0.6757795 1.2005984 0.6757795 1.2245984 0 P 0
L 0.6786615 0.9551967 0.6786615 0.9951967 0 P 0
L 0.6792519 2.4192937 0.6792519 2.4592937 0 P 0
L 0.6792519 2.4192937 0.7192519 2.4192937 0 P 0
L 0.6792519 2.4592937 0.7192519 2.4592937 0 P 0
L 0.6797323 2.4773701 0.6797323 2.5013701 0 P 0
L 0.6797323 2.4773701 0.7037323 2.4773701 0 P 0
L 0.6797323 2.5013701 0.7037323 2.5013701 0 P 0
L 0.6837795 1.1925984 0.6837795 1.2325984 0 P 0
L 0.6872519 2.4272937 0.6872519 2.4512937 0 P 0
L 0.6872519 2.4272937 0.7112519 2.4272937 0 P 0
L 0.6872519 2.4512937 0.7112519 2.4512937 0 P 0
L 0.6880694 0.3588078 0.6880694 0.3828078 0 P 0
L 0.6931875 0.2021149 0.6931875 0.2261149 0 P 0
L 0.6937798 0.6825983 0.7137798 0.6425983 0 P 0
L 0.6937798 0.6825983 0.7337798 0.6825983 0 P 0
L 0.6937798 0.7298424 0.7137798 0.6898424 0 P 0
L 0.6937798 0.7298424 0.7337798 0.7298424 0 P 0
L 0.6937798 0.7770865 0.7137798 0.7370865 0 P 0
L 0.6937798 0.7770865 0.7337798 0.7770865 0 P 0
L 0.6960694 0.3508078 0.6960694 0.3908078 0 P 0
L 0.6973229 0.4366927 0.6973229 0.4766927 0 P 0
L 0.6973229 0.4366927 0.7373229 0.4366927 0 P 0
L 0.6973229 0.4766927 0.7373229 0.4766927 0 P 0
L 0.6978267 1.7974489 0.6978267 1.8214489 0 P 0
L 0.7011875 0.1941149 0.7011875 0.2341149 0 P 0
L 0.7037323 2.4773701 0.7037323 2.5013701 0 P 0
L 0.7053229 0.4446927 0.7053229 0.4686927 0 P 0
L 0.7053229 0.4446927 0.7293229 0.4446927 0 P 0
L 0.7053229 0.4686927 0.7293229 0.4686927 0 P 0
L 0.7058267 1.7894489 0.7058267 1.8294489 0 P 0
L 0.7112519 2.4272937 0.7112519 2.4512937 0 P 0
L 0.7117323 2.4693701 0.7117323 2.5093701 0 P 0
L 0.7137798 0.6425983 0.7337798 0.6825983 0 P 0
L 0.7137798 0.6898424 0.7337798 0.7298424 0 P 0
L 0.7137798 0.7370865 0.7337798 0.7770865 0 P 0
L 0.7166142 2.1953543 0.7166142 2.2353543 0 P 0
L 0.7166142 2.1953543 0.7566142 2.1953543 0 P 0
L 0.7166142 2.2353543 0.7566142 2.2353543 0 P 0
L 0.7192519 2.4192937 0.7192519 2.4592937 0 P 0
L 0.7246142 2.2033543 0.7246142 2.2273543 0 P 0
L 0.7246142 2.2033543 0.7486142 2.2033543 0 P 0
L 0.7246142 2.2273543 0.7486142 2.2273543 0 P 0
L 0.7293229 0.4446927 0.7293229 0.4686927 0 P 0
L 0.7307874 1.0977165 0.7307874 1.1377165 0 P 0
L 0.7307874 1.0977165 0.7707874 1.0977165 0 P 0
L 0.7307874 1.1377165 0.7707874 1.1377165 0 P 0
L 0.7373229 0.4366927 0.7373229 0.4766927 0 P 0
L 0.7387874 1.1057165 0.7387874 1.1297165 0 P 0
L 0.7387874 1.1057165 0.7627874 1.1057165 0 P 0
L 0.7387874 1.1297165 0.7627874 1.1297165 0 P 0
L 0.7410239 0.6825983 0.7610239 0.6425983 0 P 0
L 0.7410239 0.6825983 0.7810239 0.6825983 0 P 0
L 0.7410239 0.7298424 0.7610239 0.6898424 0 P 0
L 0.7410239 0.7298424 0.7810239 0.7298424 0 P 0
L 0.7410239 0.7770865 0.7610239 0.7370865 0 P 0
L 0.7410239 0.7770865 0.7810239 0.7770865 0 P 0
L 0.7445669 2.0488976 0.7445669 2.0888976 0 P 0
L 0.7445669 2.0488976 0.7845669 2.0488976 0 P 0
L 0.7445669 2.0888976 0.7845669 2.0888976 0 P 0
L 0.7486142 2.2033543 0.7486142 2.2273543 0 P 0
L 0.7525669 2.0568976 0.7525669 2.0808976 0 P 0
L 0.7525669 2.0568976 0.7765669 2.0568976 0 P 0
L 0.7525669 2.0808976 0.7765669 2.0808976 0 P 0
L 0.7555906 0.4272441 0.7555906 0.4672441 0 P 0
L 0.7555906 0.4272441 0.7955906 0.4272441 0 P 0
L 0.7555906 0.4672441 0.7955906 0.4672441 0 P 0
L 0.7566142 2.1953543 0.7566142 2.2353543 0 P 0
L 0.7571654 2.0138583 0.7571654 2.0538583 0 P 0
L 0.7571654 2.0138583 0.7971654 2.0138583 0 P 0
L 0.7571654 2.0538583 0.7971654 2.0538583 0 P 0
L 0.7610239 0.6425983 0.7810239 0.6825983 0 P 0
L 0.7610239 0.6898424 0.7810239 0.7298424 0 P 0
L 0.7610239 0.7370865 0.7810239 0.7770865 0 P 0
L 0.7627874 1.1057165 0.7627874 1.1297165 0 P 0
L 0.7635906 0.4352441 0.7635906 0.4592441 0 P 0
L 0.7635906 0.4352441 0.7875906 0.4352441 0 P 0
L 0.7635906 0.4592441 0.7875906 0.4592441 0 P 0
L 0.7651654 2.0218583 0.7651654 2.0458583 0 P 0
L 0.7651654 2.0218583 0.7891654 2.0218583 0 P 0
L 0.7651654 2.0458583 0.7891654 2.0458583 0 P 0
L 0.7707874 1.0977165 0.7707874 1.1377165 0 P 0
L 0.7728439 2.711766 0.7728439 2.751766 0 P 0
L 0.7728439 2.711766 0.8128439 2.711766 0 P 0
L 0.7728439 2.751766 0.8128439 2.751766 0 P 0
L 0.7765669 2.0568976 0.7765669 2.0808976 0 P 0
L 0.7808439 2.719766 0.7808439 2.743766 0 P 0
L 0.7808439 2.719766 0.8048439 2.719766 0 P 0
L 0.7808439 2.743766 0.8048439 2.743766 0 P 0
L 0.7831496 1.4918109 0.7831496 1.5318109 0 P 0
L 0.7831496 1.4918109 0.8231496 1.4918109 0 P 0
L 0.7831496 1.5318109 0.8231496 1.5318109 0 P 0
L 0.7845669 2.0488976 0.7845669 2.0888976 0 P 0
L 0.7875906 0.4352441 0.7875906 0.4592441 0 P 0
L 0.788268 0.6825983 0.808268 0.6425983 0 P 0
L 0.788268 0.6825983 0.828268 0.6825983 0 P 0
L 0.788268 0.7298424 0.808268 0.6898424 0 P 0
L 0.788268 0.7298424 0.828268 0.7298424 0 P 0
L 0.788268 0.7770865 0.808268 0.7370865 0 P 0
L 0.788268 0.7770865 0.828268 0.7770865 0 P 0
L 0.7886614 1.1740944 0.7886614 1.2140944 0 P 0
L 0.7886614 1.1740944 0.8286614 1.1740944 0 P 0
L 0.7886614 1.2140944 0.8286614 1.2140944 0 P 0
L 0.7891654 2.0218583 0.7891654 2.0458583 0 P 0
L 0.7911496 1.4998109 0.7911496 1.5238109 0 P 0
L 0.7911496 1.4998109 0.8151496 1.4998109 0 P 0
L 0.7911496 1.5238109 0.8151496 1.5238109 0 P 0
L 0.791811 2.3500787 0.791811 2.3900787 0 P 0
L 0.791811 2.3500787 0.831811 2.3500787 0 P 0
L 0.791811 2.3900787 0.831811 2.3900787 0 P 0
L 0.7955906 0.4272441 0.7955906 0.4672441 0 P 0
L 0.7966614 1.1820944 0.7966614 1.2060944 0 P 0
L 0.7966614 1.1820944 0.8206614 1.1820944 0 P 0
L 0.7966614 1.2060944 0.8206614 1.2060944 0 P 0
L 0.7971654 2.0138583 0.7971654 2.0538583 0 P 0
L 0.799811 2.3580787 0.799811 2.3820787 0 P 0
L 0.799811 2.3580787 0.823811 2.3580787 0 P 0
L 0.799811 2.3820787 0.823811 2.3820787 0 P 0
L 0.8048439 2.719766 0.8048439 2.743766 0 P 0
L 0.808268 0.6425983 0.828268 0.6825983 0 P 0
L 0.808268 0.6898424 0.828268 0.7298424 0 P 0
L 0.808268 0.7370865 0.828268 0.7770865 0 P 0
L 0.8128439 2.711766 0.8128439 2.751766 0 P 0
L 0.8151496 1.4998109 0.8151496 1.5238109 0 P 0
L 0.8206614 1.1820944 0.8206614 1.2060944 0 P 0
L 0.8231496 1.4918109 0.8231496 1.5318109 0 P 0
L 0.823811 2.3580787 0.823811 2.3820787 0 P 0
L 0.8286614 1.1740944 0.8286614 1.2140944 0 P 0
L 0.831811 2.3500787 0.831811 2.3900787 0 P 0
L 0.8658303 2.4683864 0.8658303 2.5083864 0 P 0
L 0.8658303 2.4683864 0.9058303 2.4683864 0 P 0
L 0.8658303 2.5083864 0.9058303 2.5083864 0 P 0
L 0.8670079 1.9988976 0.8670079 2.0088976 0 P 0
L 0.8670079 1.9988976 0.8770079 1.9988976 0 P 0
L 0.8670079 2.0088976 0.8770079 2.0188976 0 P 0
L 0.8670079 2.0288976 0.8670079 2.0388976 0 P 0
L 0.8670079 2.0288976 0.8770079 2.0188976 0 P 0
L 0.8670079 2.0388976 0.8770079 2.0388976 0 P 0
L 0.8674016 1.8874803 0.8674016 1.9274803 0 P 0
L 0.8674016 1.8874803 0.9074016 1.8874803 0 P 0
L 0.8674016 1.9274803 0.9074016 1.9274803 0 P 0
L 0.8738303 2.4763864 0.8738303 2.5003864 0 P 0
L 0.8738303 2.4763864 0.8978303 2.4763864 0 P 0
L 0.8738303 2.5003864 0.8978303 2.5003864 0 P 0
L 0.8754016 1.8954803 0.8754016 1.9194803 0 P 0
L 0.8754016 1.8954803 0.8994016 1.8954803 0 P 0
L 0.8754016 1.9194803 0.8994016 1.9194803 0 P 0
L 0.8770079 1.9988976 0.8870079 2.0088976 0 P 0
L 0.8770079 2.0388976 0.8870079 2.0288976 0 P 0
L 0.8870079 2.0088976 0.8970079 1.9988976 0 P 0
L 0.8870079 2.0288976 0.8970079 2.0388976 0 P 0
L 0.8905259 1.4128475 0.8905259 1.4228475 0 P 0
L 0.8905259 1.4128475 0.9005259 1.4128475 0 P 0
L 0.8905259 1.4228475 0.9005259 1.4328475 0 P 0
L 0.8905259 1.4428475 0.8905259 1.4528475 0 P 0
L 0.8905259 1.4428475 0.9005259 1.4328475 0 P 0
L 0.8905259 1.4528475 0.9005259 1.4528475 0 P 0
L 0.8909541 0.0653093 0.8909541 0.1053093 0 P 0
L 0.8909541 0.0653093 0.9309541 0.0653093 0 P 0
L 0.8909541 0.1053093 0.9309541 0.1053093 0 P 0
L 0.8933859 0.9449604 0.8933859 0.9849604 0 P 0
L 0.8933859 0.9449604 0.9333859 0.9449604 0 P 0
L 0.8933859 0.9849604 0.9333859 0.9849604 0 P 0
L 0.8948911 2.3802699 0.8948911 2.4202699 0 P 0
L 0.8948911 2.3802699 0.9348911 2.3802699 0 P 0
L 0.8948911 2.4202699 0.9348911 2.4202699 0 P 0
L 0.8970079 1.9988976 0.9070079 1.9988976 0 P 0
L 0.8970079 2.0188976 0.9070079 2.0088976 0 P 0
L 0.8970079 2.0188976 0.9070079 2.0288976 0 P 0
L 0.8970079 2.0388976 0.9070079 2.0388976 0 P 0
L 0.8978303 2.4763864 0.8978303 2.5003864 0 P 0
L 0.8989541 0.0733093 0.8989541 0.0973093 0 P 0
L 0.8989541 0.0733093 0.9229541 0.0733093 0 P 0
L 0.8989541 0.0973093 0.9229541 0.0973093 0 P 0
L 0.8994016 1.8954803 0.8994016 1.9194803 0 P 0
L 0.9005259 1.4128475 0.9105259 1.4228475 0 P 0
L 0.9005259 1.4528475 0.9105259 1.4428475 0 P 0
L 0.9013859 0.9529604 0.9013859 0.9769604 0 P 0
L 0.9013859 0.9529604 0.9253859 0.9529604 0 P 0
L 0.9013859 0.9769604 0.9253859 0.9769604 0 P 0
L 0.9028911 2.3882699 0.9028911 2.4122699 0 P 0
L 0.9028911 2.3882699 0.9268911 2.3882699 0 P 0
L 0.9028911 2.4122699 0.9268911 2.4122699 0 P 0
L 0.9051969 0.5583465 0.9051969 0.5983465 0 P 0
L 0.9051969 0.5583465 0.9451969 0.5583465 0 P 0
L 0.9051969 0.5983465 0.9451969 0.5983465 0 P 0
L 0.9058303 2.4683864 0.9058303 2.5083864 0 P 0
L 0.9070079 1.9988976 0.9070079 2.0088976 0 P 0
L 0.9070079 2.0288976 0.9070079 2.0388976 0 P 0
L 0.9074016 1.8874803 0.9074016 1.9274803 0 P 0
L 0.9086707 1.1755455 0.9086707 1.2155455 0 P 0
L 0.9086707 1.1755455 0.9486707 1.1755455 0 P 0
L 0.9086707 1.2155455 0.9486707 1.2155455 0 P 0
L 0.9105259 1.4228475 0.9205259 1.4128475 0 P 0
L 0.9105259 1.4428475 0.9205259 1.4528475 0 P 0
L 0.9131969 0.5663465 0.9131969 0.5903465 0 P 0
L 0.9131969 0.5663465 0.9371969 0.5663465 0 P 0
L 0.9131969 0.5903465 0.9371969 0.5903465 0 P 0
L 0.9166707 1.1835455 0.9166707 1.2075455 0 P 0
L 0.9166707 1.1835455 0.9406707 1.1835455 0 P 0
L 0.9166707 1.2075455 0.9406707 1.2075455 0 P 0
L 0.9205259 1.4128475 0.9305259 1.4128475 0 P 0
L 0.9205259 1.4328475 0.9305259 1.4228475 0 P 0
L 0.9205259 1.4328475 0.9305259 1.4428475 0 P 0
L 0.9205259 1.4528475 0.9305259 1.4528475 0 P 0
L 0.9229541 0.0733093 0.9229541 0.0973093 0 P 0
L 0.9237009 0.2323621 0.9237009 0.2723621 0 P 0
L 0.9237009 0.2323621 0.9637009 0.2323621 0 P 0
L 0.9237009 0.2723621 0.9637009 0.2723621 0 P 0
L 0.9253859 0.9529604 0.9253859 0.9769604 0 P 0
L 0.9268911 2.3882699 0.9268911 2.4122699 0 P 0
L 0.9305259 1.4128475 0.9305259 1.4228475 0 P 0
L 0.9305259 1.4428475 0.9305259 1.4528475 0 P 0
L 0.9309541 0.0653093 0.9309541 0.1053093 0 P 0
L 0.9317009 0.2403621 0.9317009 0.2643621 0 P 0
L 0.9317009 0.2403621 0.9557009 0.2403621 0 P 0
L 0.9317009 0.2643621 0.9557009 0.2643621 0 P 0
L 0.9333859 0.9449604 0.9333859 0.9849604 0 P 0
L 0.9348911 2.3802699 0.9348911 2.4202699 0 P 0
L 0.9371969 0.5663465 0.9371969 0.5903465 0 P 0
L 0.9406707 1.1835455 0.9406707 1.2075455 0 P 0
L 0.9437795 0.556378 0.9437795 0.596378 0 P 0
L 0.9437795 0.556378 0.9837795 0.556378 0 P 0
L 0.9437795 0.596378 0.9837795 0.596378 0 P 0
L 0.9445669 1.1051969 0.9445669 1.1451969 0 P 0
L 0.9445669 1.1051969 0.9845669 1.1051969 0 P 0
L 0.9445669 1.1451969 0.9845669 1.1451969 0 P 0
L 0.9451969 0.5583465 0.9451969 0.5983465 0 P 0
L 0.9453543 2.4811811 0.9453543 2.5211811 0 P 0
L 0.9453543 2.4811811 0.9853543 2.4811811 0 P 0
L 0.9453543 2.5211811 0.9853543 2.5211811 0 P 0
L 0.9477165 1.8835433 0.9477165 1.9235433 0 P 0
L 0.9477165 1.8835433 0.9877165 1.8835433 0 P 0
L 0.9477165 1.9235433 0.9877165 1.9235433 0 P 0
L 0.9486707 1.1755455 0.9486707 1.2155455 0 P 0
L 0.9517795 0.564378 0.9517795 0.588378 0 P 0
L 0.9517795 0.564378 0.9757795 0.564378 0 P 0
L 0.9517795 0.588378 0.9757795 0.588378 0 P 0
L 0.9525669 1.1131969 0.9525669 1.1371969 0 P 0
L 0.9525669 1.1131969 0.9765669 1.1131969 0 P 0
L 0.9525669 1.1371969 0.9765669 1.1371969 0 P 0
L 0.9533543 2.4891811 0.9533543 2.5131811 0 P 0
L 0.9533543 2.4891811 0.9773543 2.4891811 0 P 0
L 0.9533543 2.5131811 0.9773543 2.5131811 0 P 0
L 0.9557009 0.2403621 0.9557009 0.2643621 0 P 0
L 0.9557165 1.8915433 0.9557165 1.9155433 0 P 0
L 0.9557165 1.8915433 0.9797165 1.8915433 0 P 0
L 0.9557165 1.9155433 0.9797165 1.9155433 0 P 0
L 0.9637009 0.2323621 0.9637009 0.2723621 0 P 0
L 0.9757795 0.564378 0.9757795 0.588378 0 P 0
L 0.9765669 1.1131969 0.9765669 1.1371969 0 P 0
L 0.9773543 2.4891811 0.9773543 2.5131811 0 P 0
L 0.9797165 1.8915433 0.9797165 1.9155433 0 P 0
L 0.9831496 2.5020472 0.9831496 2.5420472 0 P 0
L 0.9831496 2.5020472 1.0231496 2.5020472 0 P 0
L 0.9831496 2.5420472 1.0231496 2.5420472 0 P 0
L 0.9837795 0.556378 0.9837795 0.596378 0 P 0
L 0.9845669 1.1051969 0.9845669 1.1451969 0 P 0
L 0.9853543 2.4811811 0.9853543 2.5211811 0 P 0
L 0.9877165 1.8835433 0.9877165 1.9235433 0 P 0
L 0.9911496 2.5100472 0.9911496 2.5340472 0 P 0
L 0.9911496 2.5100472 1.0151496 2.5100472 0 P 0
L 0.9911496 2.5340472 1.0151496 2.5340472 0 P 0
L 0.9941734 0.8532283 0.9941734 0.8932283 0 P 0
L 0.9941734 0.8532283 1.0341734 0.8532283 0 P 0
L 0.9941734 0.8932283 1.0341734 0.8932283 0 P 0
L 0.9988977 0.3799999 0.9988977 0.4199999 0 P 0
L 0.9988977 0.3799999 1.0388977 0.3799999 0 P 0
L 0.9988977 0.4199999 1.0388977 0.4199999 0 P 0
L 1.0021734 0.8612283 1.0021734 0.8852283 0 P 0
L 1.0021734 0.8612283 1.0261734 0.8612283 0 P 0
L 1.0021734 0.8852283 1.0261734 0.8852283 0 P 0
L 1.0068977 0.3879999 1.0068977 0.4119999 0 P 0
L 1.0068977 0.3879999 1.0308977 0.3879999 0 P 0
L 1.0068977 0.4119999 1.0308977 0.4119999 0 P 0
L 1.0151496 2.5100472 1.0151496 2.5340472 0 P 0
L 1.0229134 1.2146457 1.0229134 1.2546457 0 P 0
L 1.0229134 1.2146457 1.0629134 1.2146457 0 P 0
L 1.0229134 1.2546457 1.0629134 1.2546457 0 P 0
L 1.0231496 2.5020472 1.0231496 2.5420472 0 P 0
L 1.0244882 1.3618899 1.0244882 1.4018899 0 P 0
L 1.0244882 1.3618899 1.0644882 1.3618899 0 P 0
L 1.0244882 1.4018899 1.0644882 1.4018899 0 P 0
L 1.0261734 0.8612283 1.0261734 0.8852283 0 P 0
L 1.0308977 0.3879999 1.0308977 0.4119999 0 P 0
L 1.0309134 1.2226457 1.0309134 1.2466457 0 P 0
L 1.0309134 1.2226457 1.0549134 1.2226457 0 P 0
L 1.0309134 1.2466457 1.0549134 1.2466457 0 P 0
L 1.0324882 1.3698899 1.0324882 1.3938899 0 P 0
L 1.0324882 1.3698899 1.0564882 1.3698899 0 P 0
L 1.0324882 1.3938899 1.0564882 1.3938899 0 P 0
L 1.0341734 0.8532283 1.0341734 0.8932283 0 P 0
L 1.0388977 0.3799999 1.0388977 0.4199999 0 P 0
L 1.0549134 1.2226457 1.0549134 1.2466457 0 P 0
L 1.0564882 1.3698899 1.0564882 1.3938899 0 P 0
L 1.0591341 0.7445668 1.0591341 0.7845668 0 P 0
L 1.0591341 0.7445668 1.0991341 0.7445668 0 P 0
L 1.0591341 0.7845668 1.0991341 0.7845668 0 P 0
L 1.0629134 1.2146457 1.0629134 1.2546457 0 P 0
L 1.0644882 1.3618899 1.0644882 1.4018899 0 P 0
L 1.0671341 0.7525668 1.0671341 0.7765668 0 P 0
L 1.0671341 0.7525668 1.0911341 0.7525668 0 P 0
L 1.0671341 0.7765668 1.0911341 0.7765668 0 P 0
L 1.0874108 0.4491675 1.0874108 0.4891675 0 P 0
L 1.0874108 0.4491675 1.1274108 0.4491675 0 P 0
L 1.0874108 0.4891675 1.1274108 0.4891675 0 P 0
L 1.0874108 2.673577 1.0874108 2.713577 0 P 0
L 1.0874108 2.673577 1.1274108 2.673577 0 P 0
L 1.0874108 2.713577 1.1274108 2.713577 0 P 0
L 1.0911341 0.7525668 1.0911341 0.7765668 0 P 0
L 1.0954108 0.4571675 1.0954108 0.4811675 0 P 0
L 1.0954108 0.4571675 1.1194108 0.4571675 0 P 0
L 1.0954108 0.4811675 1.1194108 0.4811675 0 P 0
L 1.0954108 2.681577 1.0954108 2.705577 0 P 0
L 1.0954108 2.681577 1.1194108 2.681577 0 P 0
L 1.0954108 2.705577 1.1194108 2.705577 0 P 0
L 1.0991341 0.7445668 1.0991341 0.7845668 0 P 0
L 1.1130709 2.3374803 1.1130709 2.3774803 0 P 0
L 1.1130709 2.3374803 1.1530709 2.3374803 0 P 0
L 1.1130709 2.3774803 1.1530709 2.3774803 0 P 0
L 1.1145762 2.093262 1.1145762 2.133262 0 P 0
L 1.1145762 2.093262 1.1545762 2.093262 0 P 0
L 1.1145762 2.133262 1.1545762 2.133262 0 P 0
L 1.1189069 0.9688526 1.1189069 1.0088526 0 P 0
L 1.1189069 0.9688526 1.1589069 0.9688526 0 P 0
L 1.1189069 1.0088526 1.1589069 1.0088526 0 P 0
L 1.1189764 1.6733071 1.1189764 1.7133071 0 P 0
L 1.1189764 1.6733071 1.1589764 1.6733071 0 P 0
L 1.1189764 1.7133071 1.1589764 1.7133071 0 P 0
L 1.1194108 0.4571675 1.1194108 0.4811675 0 P 0
L 1.1194108 2.681577 1.1194108 2.705577 0 P 0
L 1.1210709 2.3454803 1.1210709 2.3694803 0 P 0
L 1.1210709 2.3454803 1.1450709 2.3454803 0 P 0
L 1.1210709 2.3694803 1.1450709 2.3694803 0 P 0
L 1.1225762 2.101262 1.1225762 2.125262 0 P 0
L 1.1225762 2.101262 1.1465762 2.101262 0 P 0
L 1.1225762 2.125262 1.1465762 2.125262 0 P 0
L 1.1269069 0.9768526 1.1269069 1.0008526 0 P 0
L 1.1269069 0.9768526 1.1509069 0.9768526 0 P 0
L 1.1269069 1.0008526 1.1509069 1.0008526 0 P 0
L 1.1269764 1.6813071 1.1269764 1.7053071 0 P 0
L 1.1269764 1.6813071 1.1509764 1.6813071 0 P 0
L 1.1269764 1.7053071 1.1509764 1.7053071 0 P 0
L 1.1274108 0.4491675 1.1274108 0.4891675 0 P 0
L 1.1274108 2.673577 1.1274108 2.713577 0 P 0
L 1.1450709 2.3454803 1.1450709 2.3694803 0 P 0
L 1.1465762 2.101262 1.1465762 2.125262 0 P 0
L 1.1509069 0.9768526 1.1509069 1.0008526 0 P 0
L 1.1509764 1.6813071 1.1509764 1.7053071 0 P 0
L 1.1530709 2.3374803 1.1530709 2.3774803 0 P 0
L 1.1545762 2.093262 1.1545762 2.133262 0 P 0
L 1.1589069 0.9688526 1.1589069 1.0088526 0 P 0
L 1.1589764 1.6733071 1.1589764 1.7133071 0 P 0
